


NPlugItemPlacement_SPatchLayout:

0x38 bytes long
0x28 -> buffer<MwId>

01 00 00 00 01 00 00 00 00 00 00 3F 00 00 00 00 00 00 00 00 00 00 00 00 00 00 00 00 00 00 00 00 00 00 00 00 B0 01 00 00 10 3F AF B1 AE 01 00 00 08 00 00 00 08 00 00 00
01 00 00 00 00 00 00 00 00 00 00 3F 00 00 00 00 00 00 00 00 00 00 00 00 00 00 40 41 00 00 00 00 00 00 00 00 B0 01 00 00 80 3E AF B1 AE 01 00 00 08 00 00 00 08 00 00 00
01 00 00 00 00 00 00 00 00 00 00 3F 00 00 00 00 00 00 00 00 00 00 00 00 00 00 80 41 00 00 00 00 00 00 00 00 B0 01 00 00 D0 3F AF B1 AE 01 00 00 08 00 00 00 08 00 00 00
